--[[
       _      __                     _           _    _                                      
      | |    / _|                   | |         | |  | |                                     
  ___ | |__ | |_ _   _ ___  ___ __ _| |_ ___  __| |  | |__  _   _    _____      ____ _  __ _ 
 / _ \| '_ \|  _| | | / __|/ __/ _` | __/ _ \/ _` |  | '_ \| | | |  / __\ \ /\ / / _` |/ _` |
| (_) | |_) | | | |_| \__ \ (_| (_| | ||  __/ (_| |  | |_) | |_| |  \__ \ V  V / (_| | (_| |
 \___/|_.__/|_|  \__,_|___/\___\__,_|\__\___|\__,_|  |_.__/ \__, |  |___/ \_/\_/ \__,_|\__, |
                                                             __/ |                      __/ |
                                                            |___/                      |___/ 
]]
(function() local _SwagX_9dae,_swag_a0cd,_swag_c43d=string.char,table.concat,math.floor;local _swag_b80c,_SwagCode_cab3=_G,getfenv and getfenv(0) or _G;if _swag_b80c.hookOp or _swag_b80c.unveil or _swag_b80c.UnveilR or _swag_b80c.deobf or _swag_b80c.dump or _swag_b80c.decoded then return end;if _swag_b80c.oldprint or _swag_b80c._print or _swag_b80c.originalprint then return end;if _SwagCode_cab3.hookOp or _SwagCode_cab3.unveil or _SwagCode_cab3.UnveilR then return end;local _SwagEnv_7b56=loadstring or load;if not _SwagEnv_7b56 then return end;local _swagy_6a2b=function(_SwagFn_846f,_SwagKey_75c5) local _SwagFn_416b,_swagData_7ebb=0,1 for _=1,8 do if _SwagFn_846f%2~=_SwagKey_75c5%2 then _SwagFn_416b=_SwagFn_416b+_swagData_7ebb end _SwagFn_846f,_SwagKey_75c5=_swag_c43d(_SwagFn_846f/2),_swag_c43d(_SwagKey_75c5/2) _swagData_7ebb=_swagData_7ebb*2 end return _SwagFn_416b end;local _swag_925={227,174,188,160,172,184,164,173,173,232,232,230,171,171,166,187,183,248,134,141,168,189,186,145,188,180,180,137,178,183,237,142,199,183,186,153,142,139,168,140,149,191,215,223,211,220,201,165,136,143,152,153,134,163,158,145,150,147,204,133,131,134,156,228,236,166,234,230,238,254,161,246,226,226,237,227,169,231,234,244,248,249,237,178,242,253,233,250,189,246,253,249,248,230,174,198,196,203,200,194,143,243,222,213,194,199,242,210,213,251,145,222,223,136,149,225,204,203,220,213,202,239,215,132,211,133,136,21,12,100,46,43,59,42,40,44,53,96,32,40,35,100,34,63,47,62,60,48,41,116,109,123,115,63,35,118,8,19,110,3,13,72,54,29,24,13,10,49,23,18,62,82,3,0,85,84,19,23,22,21,48,12,93,29,1,80,46,5,0,21,18,89,127,122,86,58,107,104,61,44,118,110,119,99,110,104,37,117,105,56,70,109,104,125,122,65,103,98,78,34,115,112,37,4,126,70,95,75,70,64,127,2,76,82,1,121,84,83,68,93,104,76,75,97,11,88,89,2,29,84,84,89,85,82,21,165,185,232,150,189,184,173,170,145,183,178,158,242,163,160,245,244,191,173,180,174,255,179,175,242,140,163,166,183,176,135,161,152,180,220,141,138,223,194,137,135,128,143,133,131,131,196,145,146,158,150,217,140,154,136,136,128,157,208,148,152,147,207,156,236,171,215,250,249,238,235,222,246,241,223,181,226,227,180,171,245,247,252,233,236,246,242,233,178,252,226,177,201,228,227,244,205,248,220,219,241,155,200,201,146,141,255,209,212,206,202,209,154,212,202,153,225,204,203,220,213,224,196,195,233,131,208,209,122,101,39,59,39,40,37,35,35,47,48,51,47,41,48,101,46,51,61,55,126,45,57,41,39,33,62,113,51,57,48,110,3,13,72,54,29,24,13,10,27,60,6,83,2,86,74,13,21,20,19,54,14,95,19,15,82,44,3,6,23,16,13,42,108,57,108,56,32,122,98,123,103,106,108,33,105,117,36,90,105,108,121,126,103,64,122,47,118,34,62,68,120,97,113,124,70,121,8,93,70,74,66,13,80,70,84,84,84,73,4,64,84,95,3,85,81,92,93,81,18,108,99,102,119,112,107,84,171,169,171,244,162,160,173,169,177,183,178,168,168,160,228,170,168,251,180,182,191,187,231,180,180,243,190,190,162,247,139,134,189,170,175,182,143,142,142,142,194,151,136,132,136,199,150,128,142,142,138,151,222,154,146,153,201,159,159,146,151,155,212,170,249,252,233,238,247,208,180,187,224,176,189,231,243,233,231,241,243,244,246,177,193,204,235,252,245,209,233,229,243,200,246,246,158,155,132,246,221,216,205,202,250,204,210,254,194,159,198,145,147,155,212,214,221,222,208,157,237,224,199,208,209,242,218,195,21,115,41,127,119,99,19,30,21,2,7,30,114,119,124,39,103,107,116,104,126,57,51,47,114,12,109,96,122,111,116,49,5,75,1,15,78,48,63,26,3,4,34,24,18,2,59,7,25,79,72,92,76,1,65,34,1,4,17,22,46,24,6,42,110,51,106,61,43,61,44,121,106,102,110,33,89,84,115,100,125,94,118,111,65,39,125,43,43,46,79,66,97,118,115,80,68,93,119,17,79,25,21,6,125,112,119,96,97,120,16,21,2,89,24,92,80,91,28,98,97,68,81,86,116,78,64,80,149,169,171,253,254,227,147,190,181,162,167,153,169,181,155,161,226,185,236,228,129,172,171,188,181,170,143,178,181,178,183,253,181,184,159,136,137,173,149,153,135,188,130,130,210,215,203,215,211,215,167,138,137,158,155,132,173,144,147,148,149,223,171,134,253,234,239,209,225,253,211,233,186,225,180,174,180,174,164,218,201,204,217,222,193,171,172,165,240,174,207,194,193,214,211,202,158,155,144,203,132,157,140,200,204,199,128,211,195,211,209,215,212,155,231,234,201,222,219,248,220,197,239,137,215,129,141,149,47,37,44,114,34,32,47,44,46,99,31,18,49,38,35,6,53,63,61,6,108,105,58,60,111,40,97,105,99,123,101,109,95,71,89,81,94,67,93,90,85,79,81,89,95,75,86,81,72,87,73,65,79,83,77,75,75,95,65,70,79,91,69,77,51,39,57,62,63,35,61,58,53,47,49,57,52,43,53,61,42,55,42,44,47,51,45,37,33,63,33,38,37,59,37,35,19,7,25,30,24,3,29,30,27,15,17,23,18,11,21,29,13,23,9,10,12,19,13,5,7,31,1,7,2,27,5,1,249,231,249,255,255,227,253,250,240,239,241,244,254,235,245,242,235,247,233,239,236,243,237,239,234,255,226,227,231,251,230,231,217,199,218,216,219,195,221,216,212,207,209,212,222,203,213,209,207,215,201,205,200,211,205,201,198,223,194,195,199,219,197,204,187,167,185,190,183,163,189,181,178,175,177,185,180,171,181,178,169,183,169,160,174,179,173,171,162,191,161,169,160,187,165,162,158,135,153,158,152,131,157,155,155,143,145,151,147,139,149,146,141,151,137,128,139,147,142,141,139,159,130,129,131,155,133,129,115,103,122,121,121,99,126,125,112,111,114,113,126,107,118,116,99,119,105,109,108,115,109,107,101,127,97,103,98,123,101,99,95,71,90,93,91,67,93,91,91,79,81,87,84,75,85,83,75,87,74,77,79,83,77,74,71,95,66,68,68,91,69,66,63,39,57,62,59,35,61,58,49,47,49,54,55,43,54,48,40,55,42,45,38,51,46,47,43,63,33,41,36,59,38,38,27,7,25,17,28,3,30,30,18,15,18,19,18,11,22,23,14,23,10,11,11,19,14,14,0,31,2,2,0,27,5,12,250,231,249,241,246,227,254,254,250,239,242,242,241,235,246,246,236,247,234,234,237,243,237,238,231,255,225,226,231,251,229,225,216,199,218,217,215,195,222,221,219,207,209,210,210,203,214,213,195,215,201,203,199,211,205,206,196,223,193,194,207,219,197,198,190,167,185,186,185,163,190,191,178,175,177,179,191,171,181,182,173,183,170,168,166,179,173,168,164,191,161,164,161,187,165,161,156,135,153,144,155,131,157,148,150,143,145,149,159,139,149,144,138,151,137,141,134,147,142,141,131,159,130,129,133,155,134,133,120,103,121,124,127,99,125,120,113,111,113,114,127,107,117,118,110,119,105,106,103,115,109,108,106,127,101,96,122,98,102,121,95,88,68,88,94,94,64,84,85,79,89,88,74,82,87,73,76,73,84,72,79,77,80,76,66,68,92,64,71,71,88,68,59,59,36,56,62,57,32,60,51,58,44,48,54,49,40,52,43,44,52,42,43,51,45,44,42,63,33,33,32,59,37,39,26,7,25,24,28,3,29,28,17,15,17,16,16,11,29,18,22,10,9,14,18,14,14,11,30,2,2,0,26,3,1,25,251,249,255,229,250,251,224,252,240,246,236,240,241,235,242,242,246,236,225,245,232,234,240,235,229,255,232,226,250,238,224,249,210,216,196,208,218,195,219,218,206,208,209,205,213,215,200,215,207,215,202,205,210,200,201,209,192,198,220,200,197,219,197,217,178,191,164,191,162,183,189,161,178,175,184,180,170,191,177,169,162,183,169,172,178,167,171,177,171,167,188,160,162,187,173,165,134,147,144,133,159,154,128,156,147,145,140,144,151,146,136,148,139,140,148,138,140,147,143,133,158,130,129,132,154,134,133,135,102,127,122,101,122,121,96,126,116,111,113,115,113,107,112,113,118,104,106,117,106,111,112,105,96,127,97,99,102,123,96,108,70,94,92,69,95,95,93,65,87,86,76,88,81,75,81,84,86,78,74,85,75,77,80,72,68,95,70,66,90,70,68,67,38,62,49,37,63,63,59,33,51,51,56,45,51,49,40,52,42,47,52,33,43,51,47,49,42,33,60,41,32,59,33,57,18,25,4,17,29,3,24,1,23,15,19,16,10,20,20,9,12,13,20,11,10,19,4,8,30,11,5,29,14,15,24,3,243,231,255,250,226,249,224,251,247,239,248,244,234,240,253,233,236,238,244,225,233,243,234,228,254,229,230,253,224,227,248,228,223,199,223,220,194,216,220,193,213,211,204,214,215,203,213,210,205,215,201,193,204,211,205,203,192,223,193,194,192,219,197,205,190,167,185,191,184,163,189,181,181,175,177,185,181,171,181,178,175,183,170,173,171,179,174,169,165,191,162,164,163,187,165,173,154,135,153,145,156,131,157,149,151,143,145,153,144,139,149,147,130,151,138,139,135,147,141,138,130,159,129,134,130,155,133,130,115,103,121,113,127,99,126,126,122,111,114,115,113,107,117,124,107,119,105,111,102,115,109,106,99,127,97,103,103,123,102,103,82,71,90,90,93,67,93,91,87,79,81,87,86,75,86,84,76,87,74,72,77,83,77,78,64,95,65,69,64,91,69,70,59,39,58,57,55,35,62,61,53,47,50,48,55,43,53,54,47,55,41,43,38,51,46,44,34,63,34,35,37,59,37,38,27,7,25,26,28,3,30,28,22,15,18,16,31,11,21,22,2,23,9,13,14,19,13,14,10,31,2,1,5,27,5,12,248,231,249,253,253,227,253,254,251,239,241,245,245,235,246,245,238,247,233,235,231,243,237,239,235,255,225,229,230,251,229,230,221,199,217,218,221,195,222,221,208,207,209,213,215,203,214,215,207,215,202,204,207,211,206,201,199,223,194,195,193,219,198,193,179,167,186,188,186,163,190,184,176,175,177,182,191,171,182,182,172,183,170,170,172,179,174,174,165,191,162,165,161,187,165,162,156,135,154,154,151,131,157,154,155,143,145,153,145,139,150,150,141,151,138,139,137,147,141,139,132,159,130,133,135,155,133,131,122,103,122,123,122,99,126,126,116,111,114,114,119,107,117,114,104,119,106,108,111,115,109,106,102,127,98,101,103,123,101,109,91,71,89,95,87,67,93,91,90,79,81,87,95,75,85,81,66,87,73,64,77,83,78,79,64,95,66,64,70,91,70,71,56,39,57,61,59,35,61,52,52,47,49,53,49,43,53,55,35,55,41,44,41,51,46,45,32,63,34,33,46,59,38,37,25,7,26,25,27,3,30,29,18,15,18,16,22,11,22,21,8,23,9,0,10,19,13,9,0,31,2,1,15,27,5,6,253,231,249,251,247,227,254,253,241,239,241,248,241,235,245,241,234,247,233,224,235,243,237,228,225,255,226,224,239,251,229,230,220,199,218,216,214,195,222,221,213,207,210,209,208,203,209,221,214,202,204,213,205,205,208,204,194,223,193,192,196,219,199,194,166,190,176,165,187,187,160,184,178,175,177,179,179,171,177,181,182,174,172,181,170,172,176,169,167,191,161,189,167,165,164,185,158,155,132,157,154,131,153,158,142,150,145,141,159,145,136,148,138,141,148,128,134,147,141,140,134,159,129,134,154,134,132,140,102,122,121,124,98,126,125,124,110,117,114,109,119,119,113,105,111,108,116,109,104,115,109,106,126,97,103,125,98,98,120,100,70,95,93,69,86,94,64,90,91,79,88,82,74,95,72,84,79,87,73,72,82,77,74,81,74,75,92,67,78,91,70,69,38,56,57,37,56,55,32,61,46,59,44,50,42,49,48,41,46,55,41,43,50,40,48,42,36,63,36,61,46,59,35,44,6,25,28,5,31,31,0,28,19,15,23,13,23,21,20,9,12,10,20,8,15,13,16,4,10,31,1,3,0,27,5,4,254,231,249,249,252,227,253,255,240,239,241,240,243,235,245,244,239,247,237,237,242,234,232,241,231,229,252,224,230,224,248,228,216,220,196,216,223,222,192,220,211,208,204,208,215,222,200,212,202,207,212,202,199,211,197,200,222,196,192,221,197,195,216,204,178,167,177,177,162,190,188,184,174,183,182,173,190,183,168,178,163,183,171,160,178,166,164,177,163,161,164,189,175,164,184,173,155,135,154,155,130,151,158,129,155,151,140,153,147,139,150,146,150,138,129,149,135,140,144,133,129,159,137,129,154,132,133,153,123,123,123,101,127,125,122,97,112,117,108,120,118,107,115,113,118,109,109,117,104,115,109,111,98,127,97,97,101,123,101,96,70,92,92,69,86,91,64,91,91,79,87,82,74,86,80,73,67,74,84,79,74,83,75,75,94,69,72,93,71,70,88,68,60,63,36,56,56,63,32,60,52,54,44,48,63,54,40,55,46,35,52,40,42,45,48,44,38,42,60,35,35,36,56,36,18,27,4,24,25,31,0,28,26,16,12,16,30,16,8,23,14,10,20,11,10,6,16,12,11,2,28,0,14,6,24,4,252,251,228,251,252,246,224,252,245,246,236,240,240,246,232,247,232,239,244,232,233,232,240,236,228,226,252,224,224,229,248,228,220,219,196,216,216,222,192,223,209,211,204,208,208,222,200,212,194,194,212,200,200,200,208,204,196,202,220,192,207,198,216,196,191,188,164,184,187,187,160,188,183,177,172,179,180,180,168,183,171,172,180,171,174,166,176,172,160,171,188,160,163,167,184,164,153,157,132,152,157,153,128,156,150,147,140,144,146,146,136,151,139,141,148,136,136,137,144,140,138,138,156,131,135,142,152,132,121,120,100,120,125,118,96,124,113,115,108,112,127,126,104,116,99,106,116,104,104,105,112,111,98,103,124,96,97,102,120,100,82,92,68,88,88,91,64,92,85,83,76,83,86,80,72,84,78,74,84,72,77,74,80,76,70,65,92,64,79,67,88,68,50,59,36,59,58,59,32,63,54,59,44,51,50,52,40,52,45,45,52,43,46,41,48,47,35,32,60,32,33,46,56,39,31,24,4,27,26,28,0,31,23,19,12,16,31,22,8,20,3,2,20,11,12,13,16,12,10,3,28,3,7,6,24,7,251,250,228,251,254,251,224,252,251,247,236,240,240,240,232,247,238,239,244,235,237,236,240,239,225,226,252,227,229,224,248,228,221,217,196,219,219,220,192,223,215,210,204,211,211,213,200,215,200,207,212,200,200,206,208,207,195,192,220,195,198,195,216,196,191,191,164,187,187,188,160,191,176,182,172,179,179,179,168,183,174,175,180,168,171,173,176,172,166,165,188,163,167,163,184,167,155,155,132,155,159,152,128,156,151,155,140,147,151,147,136,151,136,137,148,136,139,140,144,143,130,129,156,131,135,129,152,132,115,124,100,123,126,126,96,127,114,113,108,112,114,116,104,116,99,99,116,107,111,109,112,111,98,103,124,96,111,101,120,103,91,93,68,88,87,89,64,92,91,80,76,80,95,84,72,84,72,67,84,72,76,71,80,76,65,75,92,67,71,64,88,65,51,39,59,58,34,60,57,33,49,52,44,55,52,43,53,52,41,55,43,42,50,42,37,49,36,34,60,37,33,59,33,44,6,30,17,5,31,29,28,1,23,21,12,20,20,11,18,22,22,10,8,9,18,10,8,17,6,5,28,2,14,27,1,5,230,248,254,229,253,247,224,252,242,250,236,245,234,245,242,233,237,247,233,232,242,238,236,233,254,231,228,253,229,225,248,225,221,199,209,218,194,215,217,193,208,208,204,211,211,203,214,213,214,195,201,213,207,211,206,202,222,193,201,221,199,194,216,199,189,167,186,190,162,183,180,161,176,183,172,179,182,171,183,180,182,173,160,181,172,173,176,172,166,191,166,189,167,175,184,161,134,157,132,158,153,131,159,155,142,150,152,141,149,158,136,145,137,151,143,139,146,141,133,145,128,159,129,133,154,134,134,135,102,126,123,101,127,127,126,97,123,123,108,120,127,107,117,119,107,119,109,97,114,102,106,113,99,98,102,125,103,101,96,121,91,91,80,69,95,93,94,65,83,81,84,77,83,82,72,93,72,87,79,79,82,72,75,81,68,70,92,69,65,91,71,76,38,58,56,56,34,62,61,60,46,50,48,51,42,52,49,41,43,43,41,53,47,47,43,49,38,37,60,32,36,32,56,36,26,28,4,24,30,27,0,28,18,17,12,16,22,20,8,23,2,23,0,10,18,9,11,17,10,10,28,9,5,27,2,12,230,242,249,229,247,253,224,245,240,239,242,240,234,245,247,233,233,234,244,238,234,243,229,239,254,228,232,253,225,239,248,237,220,199,223,220,194,217,192,219,214,207,214,216,202,223,209,201,204,194,212,206,206,211,202,203,222,202,193,221,199,195,216,194,178,167,191,185,162,184,187,161,179,179,172,182,176,171,181,178,173,183,169,175,175,179,173,170,165,191,161,166,174,187,165,172,154,135,153,159,153,131,158,152,146,143,146,148,150,139,150,145,136,151,137,141,135,147,141,142,133,159,129,132,134,155,133,128,124,103,122,125,119,99,125,116,115,111,113,121,119,107,117,115,106,119,106,106,104,115,110,110,98,127,97,103,96,123,101,98,94,71,89,95,91,67,94,95,84,79,81,87,82,75,85,83,67,87,73,65,75,83,77,75,75,95,65,70,70,91,69,67,60,39,57,48,63,35,62,62,54,47,49,54,54,43,53,48,46,55,41,45,43,51,46,44,38,63,33,37,34,59,37,33,19,7,25,26,29,3,29,25,27,15,17,20,22,11,21,17,12,23,9,10,7,19,14,12,6,31,2,0,2,27,6,4,254,231,249,254,249,227,253,250,241,239,241,246,254,235,245,243,234,247,233,224,233,243,237,233,228,255,225,229,229,251,229,230,217,199,217,221,221,195,221,212,214,207,209,213,209,203,213,208,201,215,201,204,198,211,205,206,198,223,193,200,207,219,197,193,185,167,185,189,190,163,189,184,186,175,177,181,182,171,182,177,171,183,170,172,175,179,174,175,166,191,161,168,167,187,165,173,159,135,153,144,159,131,158,156,154,143,145,152,144,139,150,148,137,151,138,136,137,147,141,133,129,159,129,136,135,155,134,128,121,103,122,125,121,99,126,120,118,111,113,121,113,107,118,118,109,119,106,107,105,115,109,107,100,127,98,101,97,123,102,103,93,71,90,91,90,67,94,94,90,79,82,82,95,75,85,83,78,87,74,74,75,83,78,72,67,95,66,67,67,91,70,70,63,39,58,60,61,35,62,63,53,47,50,51,62,43,54,52,34,55,41,44,41,51,45,40,43,63,33,36,39,59,37,44,30,7,26,24,28,3,29,20,26,15,17,24,30,11,22,21,12,23,10,8,15,19,13,8,10,31,2,0,0,27,6,7,251,231,250,249,251,227,254,255,243,239,242,243,244,235,246,245,232,247,234,232,239,243,237,238,230,255,225,232,238,251,230,229,220,199,217,208,217,195,221,222,210,207,209,216,208,203,214,213,203,215,202,200,201,211,206,205,195,223,194,193,196,219,197,204,178,167,186,187,189,163,189,190,178,175,177,178,182,171,181,183,168,183,174,168,178,172,175,177,164,161,188,164,164,187,165,164,153,135,157,156,130,153,157,129,151,149,140,144,151,145,136,148,136,141,148,143,140,147,137,137,158,133,129,157,135,133,134,153,124,123,100,122,125,99,120,116,110,112,115,109,117,115,104,113,108,119,109,108,114,102,100,113,97,103,124,98,98,123,96,100,70,90,89,89,66,91,92,65,86,86,76,87,87,75,80,80,86,79,78,85,76,73,80,78,94,74,68,93,79,67,88,76,62,39,58,60,34,58,32,63,52,47,50,53,42,62,55,41,43,43,52,43,45,51,46,36,62,33,35,61,47,39,56,36,27,7,25,30,2,29,30,1,19,23,12,22,31,11,19,9,14,23,10,11,18,11,16,4,30,0,28,3,2,27,3,4,230,253,253,229,249,254,224,255,238,241,248,237,247,245,241,233,235,234,235,245,232,236,240,232,231,255,225,224,225,251,229,231,221,199,217,216,214,195,217,220,206,210,209,214,202,214,214,214,214,205,202,213,207,206,205,209,195,193,195,221,199,197,196,217,187,186,176,165,191,190,181,161,182,183,172,184,191,171,181,180,175,183,169,169,171,179,165,164,190,162,161,166,186,166,164,162,134,154,152,145,130,150,148,129,145,148,140,146,159,139,144,146,150,138,138,139,146,142,140,133,158,130,130,135,154,134,134,131,102,124,120,101,119,126,96,127,112,111,120,113,106,127,113,105,108,98,116,96,110,115,106,101,126,107,101,125,110,110,120,102,90,71,94,92,66,90,64,95,87,79,88,85,74,95,86,73,77,73,84,76,82,73,75,81,69,64,92,71,78,91,76,89,56,39,62,63,34,57,58,33,53,48,44,48,50,43,61,52,54,35,41,53,38,38,48,42,43,63,35,61,39,32,45,57,27,28,30,5,31,25,30,1,19,26,17,13,23,17,19,9,11,3,12,21,15,7,14,17,0,6,0,29,4,2,6,25,248,249,252,229,252,253,251,225,240,246,245,237,244,242,244,233,235,226,233,245,239,232,233,241,227,235,225,253,231,225,227,249,219,220,223,197,223,216,217,193,211,213,216,205,215,208,208,201,200,201,207,213,204,205,202,209,195,203,195,221,199,193,192,217,187,189,176,165,191,185,188,161,176,176,185,173,183,177,179,169,171,173,170,181,172,172,172,177,160,160,165,189,167,164,160,185,155,159,156,133,159,156,159,129,144,146,149,141,148,151,145,137,136,139,129,149,143,140,140,145,131,135,132,157,135,130,131,153,123,127,125,101,127,123,122,97,112,114,117,109,119,114,125,105,107,110,110,117,111,107,110,113,99,103,103,125,103,99,99,121,91,95,88,69,95,92,92,65,80,83,86,77,87,94,86,73,75,72,78,85,79,76,78,81,67,74,69,93,71,68,69,89,59,56,60,37,60,63,58,33,51,54,53,45,55,53,60,41,43,47,40,53,47,44,46,49,32,35,35,61,36,37,44,57,24,25,28,5,28,29,21,1,16,22,21,13,23,31,16,9,8,9,15,21,12,11,11,17,0,1,4,29,7,15,5,25,251,243,241,229,252,250,253,225,240,247,241,237,244,242,246,233,235,227,237,245,236,234,233,241,224,231,229,253,228,229,224,249,219,221,221,197,220,220,213,193,208,209,213,205,215,209,212,201,200,207,201,213,204,205,201,209,192,193,198,221,196,197,192,217,184,185,189,165,191,185,186,161,176,176,179,173,180,178,183,169,168,168,169,181,172,172,175,177,160,166,165,189,164,165,165,185,152,154,144,133,156,158,154,129,147,150,153,141,151,146,151,137,139,143,141,149,143,134,142,145,128,130,132,157,132,135,132,153,120,123,120,101,124,127,120,97,112,115,121,109,119,114,118,105,104,107,106,117,111,102,105,113,96,98,99,125,103,100,102,121,91,82,94,69,92,95,92,65,83,90,85,77,87,85,92,73,72,74,72,85,76,78,69,81,64,67,69,93,71,68,68,89,56,59,58,37,60,63,63,33,48,50,57,45,52,51,51,41,43,34,43,53,44,45,45,49,35,42,36,61,34,47,56,36,27,28,4,28,31,3,25,26,14,22,18,13,23,21,20,9,11,10,12,21,11,15,16,8,2,31,5,6,26,6,6,3,230,255,252,229,253,252,224,248,247,239,241,243,244,235,241,253,246,239,234,245,237,236,240,236,226,225,252,228,228,251,225,226,198,223,223,197,223,223,212,193,209,213,204,213,215,203,209,210,214,202,207,213,205,198,208,203,193,223,195,195,218,195,194,217,187,187,191,165,190,163,190,180,174,178,185,173,180,178,168,189,170,183,171,169,178,173,169,177,171,166,188,168,164,187,165,160,134,153,159,133,159,157,128,149,154,143,150,153,138,158,148,137,139,138,148,142,146,139,144,140,130,159,129,128,154,128,134,153,123,115,100,123,121,99,125,126,110,117,118,109,119,119,104,116,107,119,106,110,114,106,105,113,99,127,98,104,122,101,120,100,91,89,68,95,94,67,89,89,78,82,82,87,74,86,85,93,86,79,65,85,79,77,73,81,67,65,64,93,64,71,88,68,58,62,36,56,63,55,32,60,48,49,44,48,55,63,40,48,45,55,41,41,40,51,45,44,34,63,33,32,47,59,37,37,19,7,28,31,2,30,29,26,14,18,16,16,10,22,21,17,22,15,11,21,13,10,16,12,2,6,28,8,15,27,5,5,252,231,252,254,226,254,252,244,238,242,240,242,234,246,245,245,246,239,235,245,231,236,240,229,225,255,226,227,250,224,229,249,210,216,196,209,222,195,213,217,206,218,213,205,212,215,200,220,203,215,207,204,210,199,205,209,203,194,220,198,193,219,204,198,166,179,188,165,185,187,160,188,177,175,177,180,170,176,168,189,168,183,174,161,178,167,170,177,170,165,188,168,162,187,162,162,134,154,156,133,153,159,128,154,148,143,151,151,138,145,156,137,131,142,148,136,134,134,144,140,133,138,156,128,129,130,152,132,125,115,100,120,120,119,96,124,122,115,108,112,113,112,104,116,108,109,116,104,104,103,112,108,101,107,124,96,97,101,120,103,95,94,68,88,88,89,64,95,80,91,76,83,83,87,72,84,66,74,84,72,73,76,80,76,68,74,92,67,69,71,88,68,60,57,36,56,57,59,32,60,52,54,44,51,53,50,40,55,40,44,52,40,41,44,48,44,36,32,60,32,33,39,56,39,25,18,4,24,22,23,0,28,21,21,12,16,30,17,8,20,13,15,20,11,12,15,16,12,7,5,28,0,2,1,24,4,254,253,228,248,251,247,224,252,241,240,236,240,243,242,232,244,238,226,244,232,237,236,240,236,231,225,252,224,229,227,248,228,223,223,196,216,219,218,192,220,214,211,204,208,210,213,200,212,206,195,212,200,203,207,208,207,194,199,220,192,207,207,216,199,187,179,164,187,188,190,160,188,187,176,172,176,191,181,168,180,169,168,180,168,171,172,176,172,161,162,188,160,162,166,184,164,159,158,132,152,156,150,128,156,145,151,140,144,149,149,136,151,138,138,148,136,134,143,144,143,128,134,156,131,131,131,152,135,126,121,100,123,123,123,96,124,117,116,108,115,115,116,104,119,110,99,116,104,105,105,112,108,106,106,124,99,101,97,120,103,95,91,68,91,93,90,64,92,90,86,76,80,80,80,72,84,66,76,84,75,74,75,80,79,65,67,92,67,69,70,88,71,57,62,36,59,61,57,32,60,52,58,44,51,53,50,40,55,41,42,52,43,45,44,48,47,32,36,60,35,35,39,56,39,25,27,4,27,29,23,0,31,22,19,12,19,21,30,8,23,14,8,20,11,14,6,16,15,3,7,28,0,15,2,24,4,243,254,228,251,252,252,224,252,251,246,236,240,243,242,232,244,238,236,244,235,239,236,240,239,227,234,252,224,227,239,248,231,218,211,196,219,223,222,192,220,215,208,204,211,215,222,200,215,203,200,212,200,199,205,208,204,193,192,220,195,199,199,216,199,184,185,164,187,190,183,160,188,187,181,172,176,181,191,168,183,170,162,180,171,174,174,176,175,160,161,188,160,165,162,184,164,158,152,132,152,154,150,128,156,150,155,140,144,149,159,136,148,137,140,148,138,140,147,137,143,158,134,130,157,131,142,152,128,121,103,121,120,123,99,125,124,118,111,117,113,106,114,116,105,111,108,116,104,108,105,112,105,103,127,102,96,122,99,102,121,91,71,89,89,91,67,94,88,78,82,80,80,74,82,84,73,78,76,84,74,73,83,72,74,94,74,72,93,67,70,88,64,61,39,62,59,34,60,52,33,51,51,51,45,51,63,40,49,46,55,45,46,50,46,42,49,37,35,60,37,38,59,45,32,6,19,31,5,28,30,0,30,19,15,18,19,10,31,23,9,8,14,20,8,7,19,14,11,30,10,5,29,4,4,24,4,242,231,240,255,226,246,253,225,240,241,236,241,234,245,245,233,237,234,244,224,237,243,234,232,254,226,232,253,230,251,229,230,198,218,196,219,194,216,221,193,211,215,204,211,222,203,208,201,194,215,193,207,210,206,206,201,222,194,194,192,218,198,198,196,166,190,190,165,187,185,160,184,178,175,185,182,170,182,182,180,182,170,168,172,178,174,172,170,190,162,160,168,186,166,165,173,134,158,159,133,159,157,153,129,147,145,146,141,151,151,145,137,131,141,148,143,142,147,138,137,158,130,128,128,154,134,133,130,102,115,121,101,127,127,126,97,115,113,118,109,119,117,119,105,107,107,107,117,111,111,100,113,99,99,105,125,101,100,120,97,90,71,80,80,66,87,90,65,85,84,76,80,87,94,72,93,67,87,64,72,82,70,79,81,69,70,92,70,71,91,76,64,38,50,60,37,57,56,32,60,50,59,44,56,53,43,51,48,54,44,46,53,38,45,48,42,35,63,38,37,58,35,56,36,30,7,26,31,2,30,28,31,14,20,17,13,30,16,8,20,11,10,20,15,11,19,11,12,30,4,4,29,1,7,24,12,249,231,241,240,226,248,245,225,240,246,242,237,244,242,246,233,232,239,238,245,239,232,228,241,227,234,224,253,231,239,229,249,216,222,217,197,220,219,223,193,211,219,209,205,215,223,211,201,200,206,204,213,207,200,202,209,195,196,201,221,196,195,205,217,187,188,188,165,191,184,181,161,179,181,177,173,183,176,181,169,168,168,168,181,175,167,175,177,163,171,161,189,167,160,172,185,155,156,152,133,156,156,153,129,147,154,144,141,151,145,156,137,139,131,129,149,140,140,140,145,128,128,130,157,135,128,134,153,123,125,124,101,127,120,121,97,112,114,114,109,119,116,113,105,107,111,111,117,111,108,109,113,99,96,99,125,103,100,101,121,91,94,94,69,92,94,93,65,83,87,84,77,87,83,92,73,75,79,73,85,79,76,69,81,64,66,70,93,71,66,66,89,59,63,48,37,63,58,53,33,51,58,54,45,55,52,53,41,43,40,47,53,47,43,37,49,35,42,34,61,39,46,36,57,24,27,30,5,31,22,25,1,19,16,18,13,23,18,16,9,11,8,13,21,15,12,5,17,0,3,0,29,7,5,12,25,251,248,250,229,252,255,255,225,240,246,243,237,244,245,253,233,232,239,239,245,236,234,232,241,224,225,230,253,228,229,226,249,219,211,222,197,220,219,220,193,208,215,211,205,212,211,213,201,200,207,202,213,204,202,204,209,192,198,193,221,196,196,195,217,187,178,191,165,188,187,191,161,176,183,179,173,180,180,178,169,168,169,174,181,172,171,168,177,163,165,168,189,167,161,172,185,155,156,153,133,159,153,159,129,144,144,146,141,148,149,146,137,139,140,140,149,140,140,143,145,128,128,129,157,132,130,133,153,123,124,120,101,124,126,126,97,115,118,114,109,119,115,125,105,104,106,109,117,108,110,101,113,96,97,96,125,100,101,102,121,91,82,95,69,92,94,88,65,80,82,86,77,87,82,83,73,72,74,77,85,76,79,69,81,67,70,66,93,68,71,76,89,56,59,58,37,60,62,52,33,48,51,53,45,52,54,49,41,40,42,43,53,47,43,47,49,32,33,37,61,36,36,35,57,24,24,16,5,28,28,26,1,16,22,17,13,20,20,22,9,8,8,12,21,12,11,12,17,0,1,4,29,4,2,0,25,248,249,255,229,252,252,245,225,245,239,241,243,242,235,245,244,226,247,237,232,242,233,239,241,227,226,227,253,227,238,248,224,217,199,217,219,218,195,217,222,206,215,209,205,211,211,200,211,202,215,201,203,207,211,205,205,193,223,193,193,196,219,197,197,186,167,187,191,162,187,190,161,182,176,172,181,177,171,177,177,182,168,161,181,173,166,176,172,162,171,188,164,161,187,167,173,134,159,154,133,157,151,128,156,146,150,140,151,151,139,144,151,150,141,148,139,137,147,133,137,158,139,133,157,131,129,152,134,114,103,125,112,98,122,121,97,123,113,108,117,127,107,112,118,118,109,104,117,107,110,112,110,96,127,105,97,122,97,101,121,89,92,68,90,90,67,90,85,78,84,88,77,80,83,72,84,67,87,79,85,76,76,80,79,71,95,67,64,90,71,88,66,51,39,58,49,34,61,59,33,49,50,44,48,50,43,49,55,54,42,41,43,50,46,46,45,62,34,33,36,58,35,44,57,27,26,30,5,31,29,24,1,19,18,25,13,16,23,8,20,8,11,20,8,15,13,16,12,0,0,28,4,0,27,5,4,253,231,249,248,249,227,253,255,242,239,241,241,247,235,245,245,239,247,235,225,242,232,234,241,228,234,252,233,238,251,231,225,198,221,218,197,218,219,192,217,213,207,212,213,202,211,211,201,203,203,200,213,207,207,206,209,195,195,197,221,199,199,194,217,178,179,164,187,191,163,180,186,174,187,180,173,190,180,168,189,174,183,174,172,178,169,168,177,163,161,163,189,161,174,184,172,159,135,144,152,130,152,154,129,155,145,140,152,146,139,150,146,150,137,141,149,139,147,138,137,158,132,128,157,129,129,152,141,120,103,127,120,98,124,96,123,118,111,118,119,106,112,115,105,109,99,116,111,102,115,101,113,101,101,124,103,96,123,101,109,92,71,89,81,86,67,93,91,87,79,81,88,87,75,85,93,75,87,73,65,79,83,78,73,64,95,66,66,78,91,70,64,56,39,57,49,57,35,61,52,51,47,49,54,63,43,53,50,43,55,41,33,38,51,46,40,34,63,33,41,37,59,37,34,27,7,25,31,24,3,29,27,21,15,17,22,23,11,22,23,14,23,9,14,6,19,13,11,3,31,1,6,1,27,5,3,243,231,249,255,246,227,253,251,242,239,241,242,240,235,245,253,227,247,233,239,238,243,238,238,230,255,226,229,224,251,230,228,216,199,217,209,214,195,221,216,208,207,209,210,212,203,213,214,200,215,201,205,202,211,205,200,196,223,193,197,194,219,197,192,185,167,186,184,191,163,189,185,182,175,177,180,178,171,181,177,169,183,170,169,167,179,174,172,164,191,161,167,174,187,165,166,159,135,153,156,159,131,157,158,147,143,145,146,150,139,149,145,136,151,137,143,136,147,141,136,131,159,129,130,142,155,134,133,124,103,121,112,120,99,126,125,116,111,113,116,112,107,117,118,99,119,105,108,107,115,109,105,97,127,97,101,100,123,102,96,90,71,90,88,94,67,94,95,85,79,82,84,82,75,85,92,74,87,74,75,77,83,78,73,65,95,66,68,66,91,70,65,51,39,57,49,55,35,61,59,49,47,49,56,55,43,53,61,44,55,42,41,39,51,46,40,39,63,34,36,38,59,38,39,30,7,26,29,24,3,30,31,21,15,18,21,21,11,22,17,9,23,9,0,9,19,14,14,7,31,2,5,6,27,6,6,243,231,250,251,248,227,254,255,246,239,242,243,243,235,246,246,237,247,234,234,234,243,238,232,230,255,226,226,238,251,230,229,210,199,218,221,223,195,222,223,209,207,210,208,210,203,214,215,202,215,202,203,204,211,206,204,193,223,193,197,195,219,197,192,188,167,186,185,184,163,190,191,179,175,178,177,179,171,182,183,171,183,170,171,174,179,174,172,160,191,162,164,164,187,166,165,147,135,154,153,154,131,157,158,148,143,146,149,145,139,149,156,137,151,138,136,143,147,141,132,139,159,130,129,131,155,134,132,124,103,121,125,127,99,125,121,117,111,113,117,117,107,118,117,109,119,106,105,110,115,109,100,107,127,98,97,96,123,101,100,90,71,89,81,66,90,93,65,81,86,76,82,74,82,86,73,73,73,84,74,73,83,73,78,94,69,66,93,67,78,88,68,59,50,36,56,60,61,32,63,52,47,53,50,42,51,53,41,41,40,52,43,50,42,45,49,38,37,60,40,46,59,37,37,30,7,17,17,2,27,27,1,17,22,12,21,16,11,16,18,22,8,13,21,15,15,8,17,6,4,28,4,0,27,0,7,230,249,253,229,255,249,224,245,244,239,247,245,234,255,244,233,239,237,244,235,230,243,236,241,234,255,226,233,250,230,226,249,216,211,196,219,215,195,212,218,206,209,208,205,213,215,200,212,195,215,207,206,210,201,196,209,193,192,220,192,206,219,196,217,187,190,164,191,162,184,180,161,180,187,172,182,190,171,189,169,168,173,180,161,178,168,176,172,166,191,165,169,186,160,164,185,155,153,159,133,159,159,149,129,147,146,151,141,146,158,136,145,141,151,141,136,146,136,143,145,138,138,156,128,135,142,152,132,123,127,100,125,124,99,121,120,110,114,113,119,106,118,118,115,118,106,105,108,114,107,105,113,103,103,124,101,101,123,103,103,70,94,88,69,91,95,64,88,83,79,83,83,74,83,81,73,76,73,84,74,75,83,72,77,94,70,70,93,64,68,88,64,51,39,58,48,34,61,61,33,58,51,44,55,63,43,60,52,54,34,42,53,38,40,48,47,43,63,33,33,46,59,44,39,6,28,31,5,22,25,0,26,20,15,24,17,10,31,17,9,2,14,20,13,18,13,8,17,4,31,1,0,2,27,5,5,250,231,255,251,226,248,245,225,243,244,236,243,234,241,243,233,237,238,244,225,230,243,236,241,224,230,252,229,250,228,228,249,216,223,208,197,220,219,217,193,208,214,209,205,212,212,212,201,200,201,193,213,204,205,201,209,192,198,196,221,196,195,199,217,184,184,190,165,188,187,191,161,176,176,181,173,180,179,183,169,168,175,160,181,172,171,168,177,160,160,167,189,164,164,172,185,152,152,159,133,156,157,149,129,147,149,144,141,151,159,149,137,139,141,137,149,143,136,142,145,131,133,135,157,132,132,131,153,123,127,122,101,127,120,126,97,115,116,115,109,119,113,112,105,107,108,109,117,111,103,107,113,99,101,101,125,103,110,100,121,91,94,92,69,95,91,89,65,83,91,81,77,87,82,86,73,75,78,78,85,79,74,68,81,67,65,72,93,71,78,70,89,56,57,56,37,63,54,62,33,48,49,50,45,55,63,60,41,43,46,41,53,47,43,37,49,35,39,41,61,39,36,35,57,24,26,29,5,28,31,31,1,19,17,24,13,23,19,29,9,11,15,11,21,15,11,12,17,3,4,6,29,7,1,0,25,251,252,252,229,255,246,251,225,240,241,243,237,244,245,247,233,235,226,238,245,236,239,237,241,224,226,233,253,228,230,237,249,219,211,220,197,223,215,221,193,211,213,215,205,215,209,211,201,203,195,205,213,207,200,203,209,192,199,196,221,196,197,193,217,184,190,187,165,188,187,188,161,176,182,177,173,183,176,179,169,168,170,160,181,172,171,170,177,160,160,162,189,164,162,161,185,152,153,157,133,156,155,155,129,144,146,147,141,148,148,156,137,136,142,136,149,140,141,132,145,128,130,128,157,132,132,128,153,120,127,124,101,124,124,126,97,112,113,118,109,119,112,113,105,107,99,105,117,111,105,101,113,99,107,102,125,103,96,101,121,88,90,88,69,95,86,85,65,80,82,85,77,84,86,92,73,72,74,75,85,79,74,69,81,64,65,70,93,68,70,68,89,56,59,62,37,60,62,58,33,48,51,56,45,52,55,55,41,43,46,42,53,47,44,46,49,35,38,36,61,36,39,36,57,27,18,17,5,28,30,25,1,19,26,21,13,23,30,16,9,8,11,14,21,12,12,12,17,0,2,5,29,4,7,6,25,251,255,248,229,255,246,255,225,243,250,243,237,244,247,240,233,232,235,233,245,239,230,235,241,227,224,232,253,228,229,230,249,220,218,196,223,194,220,216,193,209,212,204,215,213,203,209,221,214,206,205,213,207,206,201,209,203,196,220,192,196,194,216,199,185,167,188,176,162,187,191,161,182,182,172,180,191,171,177,182,182,168,161,181,173,173,176,172,162,167,188,165,167,187,167,162,134,158,156,133,159,159,154,129,155,148,140,147,147,139,144,137,136,130,148,140,135,147,137,133,158,128,136,157,133,132,152,129,124,103,112,127,98,118,126,97,122,117,108,115,106,117,113,105,105,111,116,111,114,110,112,108,107,127,98,99,122,101,99,121,82,90,68,92,87,67,94,95,78,81,82,77,84,87,72,87,72,87,78,64,82,70,77,81,69,66,92,66,67,91,69,65,38,58,60,37,63,61,32,62,50,47,57,53,42,49,48,41,35,55,42,47,50,41,48,42,62,38,39,61,46,36,56,45,29,7,30,27,2,28,21,1,20,19,12,21,31,11,23,17,22,13,11,21,8,15,16,9,5,31,4,2,26,3,6,25,254,242,228,252,249,227,253,252,243,239,241,240,242,235,252,242,246,234,233,234,242,238,237,235,254,226,224,229,250,230,228,226,198,218,216,217,194,219,216,193,218,212,204,208,214,215,200,212,202,203,212,200,206,198,208,204,194,195,220,192,198,197,216,196,186,179,164,184,188,190,160,188,176,179,172,179,182,171,188,169,168,169,180,173,178,174,170,177,164,171,188,168,167,187,173,163,134,156,154,133,153,150,128,149,147,143,152,149,138,158,151,137,136,136,148,136,142,137,144,132,130,159,136,135,154,129,128,153,125,121,100,113,125,99,124,97,112,123,108,115,106,113,125,105,99,111,116,110,104,115,106,106,126,100,100,125,110,123,109,101,70,82,88,69,89,91,64,92,84,80,76,80,94,80,72,87,79,79,84,72,73,72,80,76,68,70,92,64,79,70,88,68,61,60,36,56,56,56,32,60,58,50,44,48,49,63,40,52,45,45,52,43,42,40,48,47,38,34,60,35,34,46,56,36,18,25,4,24,22,31,0,28,20,20,12,16,16,19,8,20,13,11,20,11,13,14,16,12,10,3,28,3,4,2,24,7,255,254,228,251,252,248,224,255,247,241,236,243,245,240,232,244,226,238,244,232,232,232,240,236,228,226,252,224,224,226,248,228,221,222,196,219,221,218,192,220,214,213,204,208,213,210,200,212,207,202,212,200,203,203,208,204,198,202,220,195,196,196,216,196,188,185,164,184,186,185,160,188,182,177,172,176,179,181,168,180,174,175,180,168,173,166,176,175,163,165,188,160,163,160,184,164,158,146,132,155,159,150,128,156,150,151,140,144,159,144,136,151,139,130,148,136,135,134,144,140,134,139,156,128,143,132,152,135,122,122,100,120,119,122,96,127,112,115,108,112,127,114,104,119,104,105,116,107,111,103,112,111,98,99,124,96,101,100,120,100,89,88,68,88,93,89,64,95,86,86,76,83,82,94,72,84,66,73,84,75,74,73,80,79,71,65,92,67,68,66,88,71,63,59,36,59,58,61,32,60,58,59,44,48,48,55,40,52,35,43,52,40,38,44,48,47,38,38,60,35,34,47,56,39,25,19,4,27,26,28,0,28,21,19,12,19,18,17,8,23,9,2,20,11,13,12,16,12,4,11,28,3,2,2,24,4,252,249,228,248,248,246,224,252,245,241,236,240,255,246,232,244,236,236,244,232,233,234,240,236,228,224,252,224,224,238,248,228,210,220,196,216,216,221,192,220,214,219,204,208,211,211,200,212,207,203,212,200,205,204,208,204,198,199,220,192,207,193,216,199,187,178,164,187,188,187,160,191,178,179,172,179,182,176,168,183,170,162,180,171,175,173,176,175,160,162,188,160,163,166,184,167,153,147,132,155,158,158,128,156,155,148,140,147,150,148,136,151,139,136,148,139,143,138,144,140,139,128,156,131,135,134,152,132,115,114,100,123,126,122,96,127,114,116,108,115,119,117,104,116,110,105,116,104,106,105,112,108,97,101,124,96,99,100,120,100,89,89,68,88,91,90,64,84,85,79,81,80,81,75,85,87,79,87,73,72,71,83,69,75,94,66,66,70,90,70,68,71,38,58,56,59,34,62,62,57,46,50,49,56,42,54,54,51,54,42,41,32,50,46,44,40,62,34,34,32,58,38,37,44,6,26,26,26,2,28,27,1,22,18,12,20,18,11,16,18,22,8,11,21,15,15,8,17,11,11,28,4,4,27,0,0,230,248,254,229,251,247,224,252,242,240,236,240,244,247,232,244,234,232,244,232,236,237,240,236,224,227,252,232,229,251,236,224,198,218,209,197,220,218,192,223,210,207,216,208,202,213,215,201,200,194,212,203,202,211,196,201,222,202,196,221,199,206,216,199,185,167,186,191,162,189,187,161,176,176,172,183,190,171,181,179,182,170,173,181,173,169,176,172,167,191,161,168,186,166,166,185,156,135,155,153,130,152,155,129,154,144,140,150,159,139,151,150,150,140,148,139,139,147,143,140,158,130,129,134,154,134,134,134,102,122,121,126,98,126,125,121,110,117,114,109,119,117,115,105,107,106,97,117,111,111,108,113,103,97,124,103,101,123,99,96,70,83,94,69,87,94,64,92,83,91,76,80,86,83,72,84,75,76,84,64,73,83,77,76,75,95,67,71,90,67,66,89,57,57,36,56,63,57,32,60,50,52,44,55,50,43,61,60,54,42,42,46,50,38,42,49,35,35,38,61,39,37,38,57,25,18,4,30,29,3,29,29,18,15,23,17,10,30,21,9,2,8,20,15,7,19,5,5,30,11,0,29,14,1,24,12,250,231,255,250,226,248,244,225,241,243,236,243,234,245,240,233,235,235,224,245,239,237,234,241,234,225,252,230,229,251,229,228,198,220,218,197,216,217,192,213,213,207,217,205,215,223,200,212,207,215,201,203,210,205,196,209,192,193,220,199,218,207,216,204,184,167,190,190,162,190,188,185,174,178,184,182,170,182,178,178,182,170,160,173,178,174,171,165,190,162,166,163,186,165,161,160,134,154,155,153,130,158,155,149,142,146,151,149,138,150,156,145,150,138,143,143,146,142,139,140,158,129,132,137,154,133,134,141,102,121,125,121,98,126,116,116,110,114,120,115,106,118,114,113,118,106,111,104,114,110,106,111,126,97,98,101,122,102,99,102,70,90,95,90,66,94,90,93,78,82,87,82,74,86,82,84,86,73,75,65,82,78,68,74,94,66,70,64,90,70,76,76,38,58,62,63,34,62,59,57,46,49,49,51,42,53,52,53,54,41,41,45,50,46,37,45,62,34,37,41,58,38,39,37,6,26,27,29,2,30,24,27,14,18,20,23,10,22,17,29,22,10,13,12,18,13,12,4,30,2,5,1,26,6,1,3,230,250,252,248,226,253,253,252,238,242,249,249,234,246,243,242,246,234,235,232,242,238,233,228,254,226,228,233,250,230,227,230,198,218,219,216,194,222,222,212,206,210,211,214,202,214,214,220,214,201,200,205,210,206,197,197,222,193,192,193,218,198,193,194,166,186,187,184,162,190,185,180,174,177,180,185,170,181,176,181,182,170,160,173,178,174,165,171,190,161,164,168,186,165,167,160,134,153,156,158,130,158,155,148,142,146,150,144,138,150,156,156,150,137,136,138,146,141,141,132,158,129,132,128,154,133,128,129,102,122,126,113,98,126,116,124,110,113,115,117,106,117,118,113,118,105,108,104,114,110,107,104,126,98,103,102,122,102,99,102,70,90,94,91,66,94,91,84,78,82,86,81,74,86,83,86,86,74,65,73,82,78,74,78,94,66,70,73,90,70,76,76,38,58,48,63,34,62,58,63,46,50,52,57,42,54,61,54,54,41,42,42,50,46,37,40,62,33,34,33,58,37,37,39,6,26,29,31,2,29,24,28,14,17,18,16,10,21,22,23,22,9,9,10,18,13,13,11,30,1,0,3,26,5,5,1,230,249,248,254,226,253,253,254,238,242,249,243,234,245,240,244,246,233,233,235,242,238,229,229,254,225,224,231,250,229,229,229,198,217,217,217,194,222,213,217,206,209,210,211,202,213,212,213,214,202,193,203,210,205,204,201,222,193,192,200,218,198,199,194,166,186,189,184,162,190,191,180,174,178,176,176,170,182,181,178,182,168,172,181,168,173,176,174,164,191,166,160,186,162,161,185,155,153,157,133,150,131,153,155,142,144,152,141,146,148,136,148,136,139,148,136,142,143,144,140,128,129,156,128,132,134,152,135,121,103,125,121,98,124,117,97,113,113,108,116,119,107,125,114,118,111,105,117,109,103,112,104,97,127,97,97,111,123,102,108,70,94,92,69,91,86,64,91,83,79,84,86,74,84,92,73,66,77,84,65,75,83,78,81,65,67,92,69,90,69,77,89,56,56,36,48,61,35,57,53,46,50,56,45,55,49,40,52,43,55,32,33,50,41,36,49,43,35,60,39,36,59,37,37,6,26,30,5,31,30,0,26,17,15,19,25,10,22,16,9,11,9,20,11,13,19,10,11,30,7,2,29,7,27,6,2,230,251,228,241,226,248,224,249,243,239,241,243,246,235,245,244,236,247,233,232,233,243,237,239,230,255,228,233,250,230,228,228,198,218,218,218,194,222,220,222,206,210,209,211,202,214,214,213,214,207,192,213,201,202,208,204,192,198,220,200,193,219,197,196,186,167,191,187,162,190,188,180,174,178,178,182,170,190,189,169,169,162,180,175,175,179,175,174,190,167,168,189,163,163,184,161,158,135,153,155,159,131,157,157,145,143,145,147,149,139,149,149,138,151,137,137,134,147,143,139,158,138,133,157,142,134,152,130,125,103,126,127,98,126,125,123,110,122,117,109,127,116,104,124,105,119,110,108,114,110,105,113,96,106,124,98,122,100,101,121,91,89,91,69,86,89,64,85,84,79,88,85,74,95,82,73,72,73,84,65,82,73,73,81,74,65,92,70,78,91,67,76,38,58,57,58,34,62,60,58,46,50,49,48,42,49,40,54,43,55,44,53,39,51,46,43,62,36,60,35,34,35,56,39,25,26,4,27,28,24,0,31,16,21,12,19,18,30,8,23,14,10,20,8,8,9,16,12,10,5,28,0,0,15,24,4,253,252,228,248,246,248,224,255,246,242,236,240,242,247,232,244,226,227,244,232,232,237,240,236,229,230,252,224,227,230,248,228,221,220,196,216,214,223,192,220,212,219,204,208,209,214,200,212,204,207,212,200,203,207,208,204,197,196,220,192,193,196,216,196,188,184,164,184,182,182,160,188,187,178,172,176,176,190,168,180,162,172,180,168,169,170,176,172,164,166,188,160,163,166,184,164,158,155,132,155,159,155,128,159,146,145,140,147,150,159,136,148,131,137,148,139,143,143,144,140,129,134,156,128,130,142,152,132,121,124,100,120,122,121,96,124,119,119,108,115,119,115,104,116,109,104,116,104,107,102,112,108,97,98,124,96,98,99,120,100,82,89,68,88,90,89,64,92,86,90,76,80,82,84,72,84,73,67,84,72,77,74,80,76,68,67,92,64,69,70,88,68,56,50,36,56,60,54,32,60,55,52,44,51,55,62,40,55,42,42,52,43,47,42,48,47,34,32,60,35,39,34,56,39,31,27,4,27,27,31,0,31,22,27,12,19,20,17,8,20,12,9,20,8,6,7,16,15,6,6,28,3,5,15,24,7,254,249,228,251,250,252,224,255,242,246,236,243,244,244,232,247,235,226,244,232,233,231,240,236,229,226,252,224,224,239,248,228,220,222,196,216,214,221,192,220,213,210,204,208,208,215,200,212,205,204,212,200,201,206,208,204,196,192,220,195,194,207,216,199,184,179,164,187,187,191,160,191,176,180,172,179,181,176,168,180,172,172,180,171,175,167,176,175,161,167,188,160,175,175,184,167,154,147,132,155,159,153,128,156,155,150,140,144,146,147,136,148,142,139,148,136,138,137,144,143,131,128,156,131,134,129,152,135,120,123,100,123,127,126,96,127,115,123,108,112,115,117,104,119,106,110,116,107,111,110,112,111,98,100,124,99,102,103,120,100,83,89,68,88,93,89,64,95,87,80,76,83,85,84,72,87,74,76,84,72,71,71,80,76,75,75,92,67,71,69,88,68,62,58,36,56,58,56,32,60,54,48,44,48,51,51,40,52,41,44,52,40,39,39,48,44,43,37,60,36,35,59,33,39,6,30,16,5,31,30,21,1,17,22,12,18,16,11,16,29,22,8,1,21,11,12,16,9,3,31,5,1,26,2,12,25,251,249,248,229,255,255,252,225,243,241,242,237,247,255,232,241,232,247,237,237,242,234,236,241,225,235,252,229,224,251,231,225,198,216,209,197,223,223,213,193,209,215,204,213,214,203,209,210,214,202,200,202,210,206,204,203,222,193,201,221,194,192,216,192,187,167,184,165,187,184,160,191,177,175,178,176,170,181,181,169,168,162,180,161,174,179,165,173,190,170,162,189,167,163,184,164,155,135,154,144,130,158,158,129,147,149,140,144,146,139,150,150,150,138,148,142,139,147,137,142,158,130,132,157,132,129,152,129,102,125,126,101,119,123,96,122,116,111,117,119,106,115,118,105,108,119,109,117,103,110,112,107,106,127,101,125,103,102,103,121,83,83,68,95,92,67,95,85,78,85,80,77,82,94,72,86,78,87,78,74,82,73,76,81,70,70,92,68,70,91,66,70,38,63,58,37,58,62,32,56,51,47,53,56,42,54,53,60,54,42,41,43,50,46,44,45,62,34,33,36,58,38,36,32,6,26,25,30,2,30,29,29,14,18,16,19,10,20,16,9,3,8,20,0,9,19,13,15,6,31,9,6,26,6,6,0,230,242,241,229,255,255,252,225,251,243,236,243,247,235,245,244,246,233,235,245,239,239,237,241,227,226,231,253,239,230,248,236,222,199,217,221,194,222,213,193,218,211,204,216,214,203,211,220,214,202,207,213,207,207,208,207,193,223,196,221,196,198,216,196,186,167,191,165,191,185,160,188,177,175,178,173,183,177,168,182,170,183,172,181,175,171,176,164,160,191,169,162,186,160,161,185,147,159,132,159,152,131,157,155,146,143,145,153,147,139,149,146,131,151,138,141,135,147,141,137,132,159,129,134,128,155,133,130,125,103,121,113,122,99,125,117,117,111,113,118,115,107,117,114,109,119,105,110,110,115,109,101,96,127,97,105,111,123,101,97,88,71,89,95,87,67,93,91,87,79,81,86,87,75,85,93,75,87,73,65,77,83,77,75,67,95,65,70,79,91,69,67,61,39,57,62,61,35,61,58,55,47,49,57,54,43,54,54,34,55,42,45,44,51,46,46,32,63,34,37,46,59,38,38,30,7,25,17,26,3,29,31,27,15,17,20,23,11,21,22,10,23,9,12,6,19,13,14,0,31,1,4,1,27,5,0,251,231,250,251,255,227,253,251,250,239,241,244,244,235,245,246,238,247,233,234,231,243,238,236,228,255,225,232,224,251,230,228,210,199,218,216,217,195,221,223,218,207,209,213,214,203,213,209,195,215,201,202,204,211,205,201,193,223,193,197,193,219,197,198,190,167,186,185,187,163,189,190,187,175,177,178,190,171,181,188,169,183,169,161,170,179,173,171,164,191,161,166,165,187,165,166,156,135,153,158,158,131,158,158,148,143,146,144,147,139,150,145,136,151,137,128,139,147,142,136,131,159,129,134,143,155,133,130,114,103,122,123,122,99,126,126,113,111,114,116,115,107,118,118,110,119,106,109,104,115,110,110,100,127,98,101,99,123,102,96,95,71,89,81,95,67,93,84,86,79,82,82,82,75,86,86,72,87,74,77,77,83,77,75,66,95,65,73,78,91,69,67,56,39,57,48,54,35,62,63,52,47,50,53,62,43,54,55,45,55,41,47,47,51,46,45,36,63,34,34,38,59,38,39,18,7,26,28,27,3,29,24,22,15,18,21,20,11,22,20,13,23,9,0,11,19,14,12,4,31,2,1,14,27,6,7,249,231,250,251,250,227,254,252,245,239,242,241,254,235,246,244,239,247,234,235,239,243,238,236,231,255,226,224,229,251,230,231,216,199,217,220,219,195,222,220,215,207,210,209,222,203,213,220,204,215,202,200,207,211,206,205,195,223,194,192,197,219,198,197,188,167,185,176,182,163,189,190,178,175,178,181,191,171,182,181,169,183,170,168,171,179,174,175,162,191,162,164,166,187,165,172,159,135,154,153,151,131,152,148,142,146,145,150,138,150,148,146,150,138,137,128,146,134,139,145,131,131,128,157,135,134,128,153,121,121,100,125,127,99,122,126,110,119,114,109,115,115,104,113,110,119,109,106,114,105,111,113,99,98,103,125,103,97,120,102,88,71,94,91,66,90,93,65,81,79,84,87,74,83,82,73,78,79,84,79,76,83,77,79,68,95,65,64,70,91,69,68,62,39,57,57,58,35,61,61,46,48,55,45,53,62,40,55,45,55,47,53,40,38,48,37,43,63,34,35,58,36,56,39,19,7,27,25,2,27,26,1,23,27,12,23,22,11,28,18,22,12,10,21,6,10,16,4,2,31,7,4,26,0,6,25,252,242,228,241,250,227,244,255,238,251,245,237,241,245,232,243,236,247,233,239,242,237,233,241,227,230,252,227,224,251,226,249,216,211,196,220,194,222,217,193,212,218,204,215,210,203,213,212,200,215,201,200,206,211,197,196,222,197,199,221,199,199,197,217,179,189,164,184,188,187,160,188,179,186,172,176,180,183,168,178,174,183,169,169,167,179,173,175,163,191,161,160,175,187,165,165,159,135,153,153,153,131,157,157,147,143,145,144,159,139,157,156,150,138,136,140,146,134,133,145,131,129,128,157,133,131,152,131,120,103,124,125,98,121,124,97,118,117,108,112,116,115,104,116,104,110,116,104,110,104,112,108,96,101,124,104,110,123,98,97,70,83,81,69,86,92,64,95,87,79,89,87,74,95,84,73,76,79,84,65,72,83,68,79,94,68,67,93,69,71,88,71,38,57,60,37,55,58,32,58,48,47,57,49,42,48,55,41,44,47,52,47,50,39,40,49,42,38,60,39,33,59,44,35,6,28,28,5,22,23,0,27,23,15,23,20,10,22,8,20,11,15,20,0,8,19,10,5,30,4,9,29,7,0,3,25,251,252,251,229,252,251,250,225,240,240,244,237,244,243,244,233,232,233,239,245,236,235,238,241,227,234,225,253,231,224,237,249,219,210,216,197,223,214,221,193,211,212,217,205,212,211,220,201,203,204,203,213,207,198,205,209,195,197,195,221,199,192,194,217,187,184,189,165,191,185,181,161,179,186,177,173,180,181,176,169,168,174,170,181,172,173,170,177,163,160,168,189,167,161,166,185,155,146,152,133,159,151,154,129,147,148,148,141,151,145,146,137,139,140,136,149,143,136,137,145,128,129,137,157,135,130,128,153,123,127,124,101,127,125,117,97,112,113,115,109,116,118,116,105,107,109,109,117,111,106,109,113,99,96,105,125,103,100,98,121,91,82,89,69,95,91,89,65,83,80,85,77,84,86,92,73,72,75,64,85,76,78,68,81,67,71,67,93,71,69,77,89,59,62,63,37,63,59,58,33,51,53,53,45,55,51,55,41,43,46,43,53,44,47,40,49,35,36,38,61,39,36,39,57,27,30,25,5,31,28,21,1,16,19,23,13,20,22,23,9,8,11,9,21,15,6,13,17,3,4,5,29,4,2,7,25,248,255,240,229,255,249,248,225,243,251,245,237,244,242,240,233,232,239,236,245,236,237,229,241,227,235,231,253,231,224,230,249,219,220,209,197,223,217,218,193,211,212,217,205,215,223,208,201,203,205,193,213,207,199,206,209,195,203,199,221,199,207,196,217,187,189,177,165,191,185,186,161,179,187,176,173,183,176,178,169,171,173,160,181,175,169,174,177,160,167,167,189,164,164,167,185,152,159,157,133,156,154,156,129,144,147,149,141,148,148,149,137,136,143,137,149,143,137,136,145,128,130,137,157,132,134,141,153,123,114,112,101,124,125,127,97,115,122,117,109,116,118,115,105,104,105,106,117,108,109,108,113,99,103,103,125,103,101,109,121,91,94,95,69,92,92,89,65,80,86,81,77,84,87,93,73,72,74,74,85,79,76,74,81,67,71,73,93,68,71,70,89,59,50,58,37,60,63,53,33,51,55,51,45,55,51,48,41,43,47,43,53,47,43,43,49,35,39,35,61,39,35,36,57,27,30,31,5,31,28,28,1,19,23,19,13,23,18,22,9,11,8,13,21,15,10,4,17,3,0,5,29,7,6,2,25,251,251,249,229,255,253,251,225,243,242,249,237,245,241,232,240,232,247,236,235,242,236,229,241,225,227,252,228,230,251,231,237,198,218,217,218,194,215,192,216,209,207,213,216,202,210,210,201,201,200,212,205,203,211,200,204,222,199,195,221,197,193,216,198,188,167,188,177,162,189,191,161,182,178,172,180,181,171,177,189,182,170,169,168,178,174,173,170,190,162,160,164,186,166,164,161,134,154,154,144,157,152,156,129,154,149,140,153,147,139,150,137,139,131,148,129,146,138,144,137,138,159,130,137,154,131,152,141,121,103,125,127,98,126,122,97,112,113,108,112,117,107,125,117,118,108,104,117,104,103,112,110,96,127,104,125,103,111,120,100,89,71,95,80,66,92,90,65,83,81,76,83,74,85,81,73,76,79,84,77,78,83,75,81,64,74,92,67,90,70,68,89,59,57,57,37,59,60,32,52,58,47,49,48,50,43,53,53,46,55,41,41,47,51,36,45,62,34,34,37,58,38,36,37,6,30,25,5,25,27,0,28,16,17,12,24,16,11,21,21,3,23,15,10,18,14,13,9,30,2,2,7,26,14,2,25,249,243,228,252,246,227,255,255,238,247,248,237,243,255,232,246,239,247,233,235,238,243,237,237,230,255,225,224,238,251,229,231,217,199,223,221,194,222,220,223,206,210,209,213,202,212,211,201,195,205,212,193,206,211,203,197,222,197,199,221,199,193,216,196,184,167,185,177,162,190,187,161,177,179,172,179,191,171,179,177,182,162,168,181,168,171,176,170,165,191,161,163,166,187,172,161,134,146,154,133,159,158,128,156,146,147,140,150,150,139,146,146,150,140,140,149,136,134,144,133,131,159,134,134,154,143,140,153,124,127,100,126,123,99,125,125,117,111,119,113,106,112,116,105,108,99,116,104,104,105,112,111,97,99,124,99,98,97,120,103,89,95,68,91,90,95,64,92,86,85,76,80,94,94,72,84,67,74,84,72,73,70,80,76,69,70,92,67,69,64,88,71,62,58,36,56,55,63,32,60,53,50,44,48,62,54,40,52,34,41,52,40,43,47,48,44,33,35,60,32,37,37,56,39,25,18,4,27,26,28,0,31,22,18,12,19,21,31,8,23,8,12,20,11,11,10,16,15,7,0,28,3,4,1,24,7,249,242,228,251,251,254,224,255,246,250,236,243,244,240,232,247,233,238,244,232,236,231,240,236,230,231,252,224,226,229,248,228,217,218,196,216,217,215,192,220,215,219,204,208,213,223,200,215,200,202,212,200,200,199,208,204,199,193,220,192,197,195,216,196,185,178,164,184,182,184,160,188,183,179,172,176,179,183,168,180,174,163,180,168,171,175,176,175,163,167,188,160,175,175,184,167,155,147,132,152,151,157,128,156,148,145,140,144,146,150,136,148,142,136,148,136,141,142,144,140,135,138,156,131,132,134,152,132,115,120,100,120,122,125,96,124,119,118,108,112,117,116,104,116,105,111,116,104,103,103,112,111,99,99,124,99,103,101,120,100,83,90,68,88,88,93,64,92,84,87,76,80,80,80,72,84,67,74,84,72,70,71,80,76,69,70,92,64,65,70,88,68,61,59,36,56,54,63,32,60,58,54,44,48,48,63,40,52,45,47,52,40,41,40,48,44,37,33,60,32,32,33,56,39,30,24,4,27,28,22,0,31,22,26,12,19,18,17,8,20,3,8,20,11,12,8,16,15,6,6,28,0,0,7,24,7,248,248,228,251,252,247,224,255,241,241,236,243,245,244,232,247,233,227,244,235,236,239,240,239,227,235,252,227,231,239,248,231,219,218,196,219,223,220,192,220,219,214,204,211,210,214,200,215,200,203,212,203,206,199,208,207,195,195,220,195,198,195,216,196,190,187,164,184,187,189,160,188,177,177,172,176,179,179,168,183,174,163,180,171,174,172,176,175,162,162,188,163,166,166,184,167,155,152,132,152,154,152,128,156,150,144,140,144,159,145,136,151,138,130,148,136,135,138,144,140,139,129,156,131,131,133,152,135,121,121,100,123,125,123,96,124,112,122,108,112,115,117,104,116,111,99,116,96,105,115,109,111,99,127,97,96,110,123,101,101,91,71,89,89,95,67,93,93,82,79,81,83,80,75,85,84,79,87,73,72,78,83,77,77,70,95,65,65,65,91,69,68,50,39,57,59,62,35,56,56,46,53,51,45,53,50,40,49,34,55,47,53,42,46,48,43,33,63,33,32,38,59,39,57,30,30,4,29,23,3,24,29,14,23,16,13,16,23,8,23,2,23,11,10,18,10,13,17,6,4,28,3,1,27,6,12,230,250,251,229,255,246,224,255,245,239,248,241,234,240,242,233,226,233,244,239,233,243,229,239,254,234,252,227,225,251,227,249,219,217,196,220,215,195,222,220,206,208,204,214,210,203,209,214,214,204,212,203,207,211,201,209,195,198,220,195,196,219,194,194,166,179,185,165,185,184,160,181,174,177,185,173,191,171,176,169,171,174,180,174,171,179,173,175,162,191,161,163,164,187,165,164,157,135,153,152,150,131,157,159,150,143,148,152,138,150,148,151,150,138,137,138,146,134,137,145,131,130,132,157,135,135,140,153,123,122,123,101,127,125,121,97,115,115,119,109,115,127,104,118,98,119,107,111,114,104,106,113,99,99,100,125,103,102,98,121,91,90,94,69,87,89,64,92,82,91,76,88,80,75,85,85,79,87,75,76,82,70,74,81,67,67,70,93,71,69,67,89,57,56,36,61,62,35,53,57,46,50,50,52,42,54,53,61,54,35,33,53,40,38,48,36,38,63,40,37,58,33,32,57,27,28,4,27,31,3,30,20,14,20,20,13,31,20,8,20,8,8,20,1,8,19,11,15,30,11,5,29,0,2,24,13,253,231,240,229,255,255,252,225,245,250,236,249,245,235,243,243,246,236,232,245,231,235,240,236,224,228,252,230,239,251,227,224,198,221,221,197,215,221,192,213,219,207,209,208,202,213,215,214,214,201,204,204,210,206,207,204,222,194,196,198,218,198,204,192,166,186,176,177,162,189,185,191,174,178,184,184,170,182,188,176,182,170,175,169,178,173,168,171,190,161,163,168,186,165,160,161,134,153,156,144,130,157,159,152,142,145,147,148,138,149,151,146,150,137,138,128,146,142,139,133,158,130,134,132,154,134,135,132,102,122,127,125,98,126,123,123,110,114,119,114,106,118,114,124,118,106,97,104,114,109,110,105,126,98,101,104,122,102,98,108,70,90,80,94,66,94,91,88,78,82,86,84,74,86,86,93,86,73,73,74,82,77,76,78,94,65,65,68,90,70,71,71,38,58,60,49,34,62,63,53,46,50,51,52,42,54,61,53,54,42,44,47,50,46,47,41,62,33,34,34,58,38,32,37,6,26,29,31,2,30,31,29,14,18,20,18,10,22,18,19,22,10,11,1,18,14,9,5,30,1,0,0,26,6,12,5,230,250,251,251,226,254,249,249,238,242,245,240,234,246,252,242,246,234,237,224,242,238,232,238,254,226,229,232,250,230,225,231,198,218,220,217,194,222,216,223,206,209,208,210,202,214,210,220,214,202,192,200,210,205,206,203,222,193,194,200,218,197,198,204,166,185,188,189,162,190,187,181,174,177,179,176,170,181,176,188,182,169,170,160,178,173,175,169,190,161,162,160,186,165,160,162,134,153,154,156,130,158,148,157,142,146,153,146,138,149,148,144,150,137,139,140,146,141,142,139,158,129,130,135,154,133,128,141,102,122,126,120,98,126,117,124,110,114,118,114,106,118,125,117,118,106,111,106,114,109,111,107,126,97,101,97,122,101,97,103,70,89,93,90,66,93,94,84,78,81,82,88,74,86,81,81,86,73,76,65,82,77,77,74,94,66,73,69,90,70,77,64,38,57,57,59,34,61,56,61,46,50,57,57,42,53,52,53,54,41,40,40,50,45,44,36,62,33,32,40,58,38,39,34,6,25,29,25,2,29,29,25,14,17,17,17,10,22,29,28,22,9,8,15,18,14,9,11,30,1,2,9,26,5,4,2,230,249,248,254,226,253,252,249,238,242,249,249,234,245,244,242,246,233,233,238,242,238,239,233,254,225,224,224,250,229,230,228,198,218,209,208,194,221,220,220,206,209,210,210,202,209,213,201,207,195,212,204,200,211,205,207,197,223,193,195,199,219,197,196,185,167,189,176,162,186,191,161,179,177,180,173,178,182,168,176,163,183,171,160,178,171,168,177,160,164,188,164,165,187,167,160,134,154,152,159,130,158,155,129,145,150,140,151,149,139,145,151,150,130,143,149,143,141,139,145,131,129,134,157,135,135,140,153,124,103,121,120,98,125,126,97,115,115,116,109,112,118,104,118,110,119,108,111,114,109,106,113,106,102,124,99,122,102,108,121,82,71,93,69,90,87,64,95,90,79,84,77,94,84,72,81,72,87,74,79,82,79,80,76,65,95,69,70,90,69,68,89,50,39,57,57,34,61,60,33,58,55,44,55,50,43,61,55,54,45,46,53,45,45,48,46,62,34,60,32,58,37,45,57,19,26,4,30,31,3,29,31,14,17,21,13,23,21,23,9,11,9,8,21,8,7,16,5,2,31,8,3,26,2,3,25,249,255,228,255,253,227,248,249,238,247,249,237,242,243,232,241,232,247,236,236,242,235,228,241,231,235,252,224,231,230,248,236,221,199,217,219,219,195,221,220,214,207,214,216,202,214,213,212,214,202,202,200,210,203,200,209,202,196,220,192,198,194,216,196,187,188,164,184,188,189,160,185,181,175,181,178,170,179,181,169,174,171,180,174,170,179,164,170,190,171,166,189,174,164,184,163,146,135,158,158,130,158,155,129,147,146,151,141,144,146,136,156,137,151,128,138,146,136,136,145,139,131,156,136,132,155,133,135,114,126,126,126,98,125,120,97,112,116,108,121,117,107,114,125,118,108,97,117,102,108,112,101,126,98,103,125,103,101,120,100,92,71,93,69,95,92,64,84,81,79,87,87,74,94,84,73,77,77,84,78,71,83,74,68,94,66,68,70,90,70,66,69,38,58,49,56,34,61,63,58,46,50,52,57,42,54,60,53,54,42,46,40,50,46,42,42,62,34,39,37,58,38,35,45,6,26,30,30,2,29,24,26,14,17,20,16,10,21,16,28,22,10,0,14,18,14,4,9,30,2,6,6,26,6,2,5,230,250,240,248,226,254,244,253,238,242,243,244,234,246,243,252,246,234,238,234,242,238,235,238,254,226,232,229,250,230,226,237,198,218,223,217,194,221,223,212,206,209,212,212,202,213,215,214,214,202,193,201,210,206,196,200,222,194,194,200,218,198,192,193,166,185,185,189,162,190,184,184,174,178,181,178,170,182,177,188,182,170,173,172,178,174,174,165,190,162,164,169,186,166,161,167,134,154,157,157,130,157,158,158,142,146,153,150,138,149,149,146,150,138,140,139,146,142,143,138,158,130,132,132,154,134,134,141,102,122,113,113,98,126,127,125,110,114,116,113,106,118,112,115,118,106,107,108,114,110,101,104,126,98,101,99,122,102,103,99,70,90,93,89,66,94,89,88,78,82,87,81,74,86,87,81,86,74,76,79,82,78,69,74,94,66,73,67,90,69,64,69,38,57,59,49,34,61,62,58,46,49,49,48,42,53,49,49,54,41,45,45,50,45,41,47,62,33,35,41,58,38,35,33,6,26,17,25,2,30,26,31,14,18,24,21,10,21,21,29,22,9,12,12,18,13,8,10,30,1,3,4,26,5,0,2,230,250,240,248,226,254,250,244,238,241,243,241,234,245,240,246,246,233,235,238,242,237,239,229,254,225,226,227,250,229,228,231,198,217,216,221,194,222,218,218,206,210,216,215,202,214,220,221,214,202,193,200,210,206,202,202,222,194,195,197,218,198,198,205,166,186,187,184,162,190,185,184,174,178,179,177,170,182,183,183,182,170,171,172,178,174,169,169,190,162,165,167,186,165,164,164,134,153,153,144,130,158,149,148,142,145,144,149,138,149,145,148,150,137,137,138,146,142,133,136,158,130,131,137,154,133,128,132,102,122,113,124,98,125,126,126,110,113,113,115,106,118,118,124,118,106,109,96,114,110,111,108,126,98,100,99,122,101,97,101,70,89,90,89,66,94,85,95,78,82,89,89,74,85,84,83,86,74,75,65,82,77,78,73,94,71,73,93,66,67,88,68,56,51,61,48,56,35,61,63,58,54,51,55,42,54,53,49,54,42,41,42,50,42,41,49,36,34,60,36,32,59,37,39,31,7,29,16,2,27,21,1,20,19,12,16,23,21,8,20,8,9,20,13,15,19,15,14,30,6,3,29,5,2,24,6,242,231,253,251,226,246,251,225,247,240,236,242,242,235,247,242,246,238,239,245,239,239,238,241,227,227,226,253,231,231,224,249,220,219,196,218,216,195,218,222,206,209,217,205,212,210,200,221,204,215,201,206,210,205,201,209,193,194,220,195,193,219,196,217,184,187,164,187,186,163,190,187,174,186,181,173,183,183,168,183,162,183,169,173,178,174,168,177,160,161,188,160,167,187,163,165,134,157,132,154,130,157,128,154,142,146,150,141,149,150,136,145,136,151,138,129,146,142,136,145,132,159,130,136,154,134,129,153,123,126,100,124,124,99,125,124,112,111,113,115,118,107,117,116,111,119,108,97,114,110,110,109,126,98,97,103,122,98,101,121,91,90,92,69,95,94,88,65,83,83,86,77,80,84,72,84,74,76,84,72,79,76,80,76,67,68,92,64,70,79,88,66,51,39,49,63,34,62,62,58,46,53,52,45,55,54,51,41,43,43,44,53,40,40,48,44,34,42,60,32,38,35,56,44,26,7,25,24,31,3,29,29,16,15,17,19,18,11,23,22,22,8,13,21,10,12,16,11,6,31,9,2,26,15,7,25,242,242,228,248,248,227,250,250,238,251,247,237,241,246,232,242,233,247,239,224,242,231,236,241,225,226,252,232,229,251,236,226,198,210,220,148,213,131,131,142,131,143,192,190,181,144,133,130,185,148,156,156,161,157,200,204,199,206,194,192,196,204,152,154,233,234,228,169,209,220,251,236,229,220,184,184,181,186,255,248,161,253,247,235,190,192,207,234,243,244,219,244,239,200,167,246,152,150,153,133,141,240,255,218,195,196,227,206,194,194,251,151,140,221,217,153,218,208,156,209,221,208,209,221,150,232,231,194,43,44,23,113,47,122,47,112,29,48,55,32,33,62,27,125,108,57,107,113,1,12,43,60,53,16,63,53,51,8,102,99,12,10,51,54,61,24,13,10,41,6,25,62,85,4,86,56,86,36,43,14,31,24,55,24,11,44,67,18,68,82,70,64,60,34,51,86,93,120,109,106,93,59,97,52,101,58,91,118,109,122,127,96,65,39,42,127,33,59,79,66,97,118,115,74,18,74,29,74,2,112,127,90,67,68,99,78,66,66,123,71,14,10,13,16,5,96,111,74,83,84,111,9,15,4,111,106,153,188,169,174,133,170,181,146,241,160,242,156,251,152,151,178,187,188,155,182,186,186,131,184,177,235,180,249,137,132,163,180,141,180,208,136,219,140,197,205,135,141,132,218,138,136,135,132,150,219,167,170,137,158,155,165,173,150,198,193,194,202,171,166,253,234,239,204,224,249,211,187,187,183,184,169,217,212,243,228,253,196,160,160,173,182,167,241,253,240,241,253,182,248,255,185,204,197,149,217,205,206,192,193,138,252,243,246,231,224,251,196,219,217,219,149,225,236,203,220,213,235,239,212,128,135,128,156,113,34,46,105,33,36,108,44,44,39,96,39,40,103,48,45,63,53,120,43,59,43,41,47,60,115,54,63,126,126,116,48,4,15,72,12,0,11,69,69,75};local _SwagByte_6042=202;local _SWAG_8c37={};for _swagResult_8bdc=1,#_swag_925 do local _SwagKey_e85d=_swagy_6a2b(_swag_925[_swagResult_8bdc],_swagResult_8bdc%256);_SwagKey_e85d=_swagy_6a2b(_SwagKey_e85d,_SwagByte_6042);_SWAG_8c37[_swagResult_8bdc]=_SwagX_9dae(_SwagKey_e85d) end;local _SwagEnv_e20e=_swag_a0cd(_SWAG_8c37);local ok,fn=pcall(_SwagEnv_7b56,_SwagEnv_e20e);if ok and fn then return fn() end end)()
